% -------------------------------------------------------------------
%  Generated by MATLAB on 25-Feb-2016 17:36:14
%  MATLAB version: 8.6.0.267246 (R2015b)
% -------------------------------------------------------------------
                                 

scores(:,:,1) = ...
  [0.76866515837104077 0.69701243749198616 0.85673758865248228;
   0.762203771301042 0.72018299438864863 0.809431991644573;
   0.7943957235527993 0.91735682432284 0.7005015684498348;
   0.25779358035751782 0.15620546922711542 0.73728881415645764;
   0.44207011686143571 0.289130316099798 0.938507885876307;
   0.77011105473814745 0.71568524727577532 0.8334960341671751;
   0.78195797027165548 0.804709258165246 0.76045779000677916;
   0.32815053853568588 0.19722425127830534 0.97618750779204588;
   0.16508843324463926 0.10343474956483366 0.40869902160224741;
   0.55687640320073684 0.38624475943302056 0.99757657007321854;
   0.64999304714038819 0.54440784000532427 0.80638801261829651;
   0.75649160948433991 0.6457651889484306 0.91304775649435843;
   0.64007026627218944 0.60291748312649684 0.682102566628898;
   0.61811928350758649 0.50735753366477632 0.79074838408223658;
   0.609008683534831 0.7363724297169959 0.51920623047476566;
   0.93057285180572846 0.9983299933199733 0.87142857142857144;
   0.63600110839367252 0.52783665960084791 0.79992120495802643;
   0.34372035320732691 0.20799844553178712 0.98916330645161288;
   0.85465504687699378 0.75194494710008053 0.98986298511614967;
   0.88770528184642694 1 0.79808459696727851;
   0.508304940374787 0.34377475336645785 0.97488258117214621;
   0.20130503262581564 0.1205641900997215 0.60944595821980019;
   0.65603281303406635 1 0.48813157002373686;
   0.83338949514848315 0.77478070880056549 0.90159092183731848;
   0.65953567521575307 0.98311349470937814 0.49621392252258845;
   0.87236408178648828 0.77895941307127958 0.99122093272236733;
   0.52552976791120087 0.42651233893863288 0.68442263886455235;
   0.4045650140318055 0.25629355710425261 0.95987215909090906;
   0.49514062730083941 0.34457139929292413 0.87942984176801364;
   0.9256890707936305 1 0.86165843204952675;
   0.4938220525454648 0.33009830789731726 0.979776119402985;
   0.44231288135298163 0.32530567825363293 0.69077266054048181;
   0.71518462514023706 0.61367821865059435 0.85692577440093509;
   0.67879191280472584 0.5217969709373721 0.97091445708573332;
   0.309401137504182 0.18718525835128003 0.891425046267736;
   0.44324588898615386 0.33967626522015121 0.63767841183002461;
   0.87577747062888733 1 0.77900722299062553;
   0.41358785370503853 0.28997130933750653 0.72092080732755126;
   0.42770691741923472 0.31790187530274722 0.65339212060873275;
   0.52638659573167 0.35735636001328464 0.99883963796704567;
   0.12442129629629631 0.069222577209797659 0.61415073610195559;
   0.55987367957207734 0.40419928951414785 0.91057493231406272;
   0.55095843204824468 0.40470502618298027 0.86273650129843849;
   0.70685402665580521 0.99865728900255757 0.54701782649809128;
   0.61124341940335924 0.46322638865800658 0.89827308312226573;
   0.40293086567918385 0.31758438713531811 0.55100630560594277;
   0.73117362887183857 0.61010116977552953 0.91219569841645;
   0.60705297629702959 0.844589645169797 0.47379927019297152;
   0.74321525592404325 0.99826589595375725 0.591970521444792;
   0.77386464826357981 0.66215855842127325 0.93090889614910821;
   0.96041724876594958 0.99990303500436339 0.92393154735238781;
   0.79169593126766091 0.66021030837964478 0.98857842137466856;
   0.78147479261685393 1 0.64132837620578775;
   0.537970313063352 0.38426685756189544 0.89660440388650109;
   0.64131041474444406 0.49158284436993571 0.92219492219492216;
   0.16019783720345379 0.089028651292802241 0.79857918930213123;
   0.65663871992985923 0.66854496764115157 0.645149133196942;
   0.73860139197954644 1 0.58554162600405379;
   0.59322911274459056 0.9986057859881492 0.4219440353460972;
   0.25452857531020739 0.14664405453003718 0.96299151888974555;
   0.92698706956481436 0.98328548393440041 0.87678630920025946;
   0.50728728486858721 0.382864437407782 0.75151317930361206;
   0.60956367734664318 0.55013077593722759 0.6833935018050542;
   0.62543707393152714 0.64385228920654647 0.60804597701149421;
   0.55061985864905572 0.3927603305785124 0.9206509104998063;
   0.76982231956131542 0.67272491797617 0.89967668680959167;
   0.62508450132948756 0.64784829046521764 0.60386613647577858;
   0.76883202369687731 0.67324735211470565 0.89604909858074411;
   0.96543053457433847 0.9523342562682664 0.97889202917169;
   0.49374878344588014 0.34201792233654166 0.88745357661876312;
   0.85211993888464488 0.99462749119443572 0.74533092780060806;
   0.926262767594795 0.92561521252796419 0.92691122934752168;
   0.63778778461343311 0.547981036455779 0.762800576500038;
   0.34411607675638328 0.20815365033530273 0.99221226116091643;
   0.652109632662345 0.485877301999774 0.99124121240059926;
   0.913806508941464 0.909261715296198 0.9183969636079482;
   0.93571884984025555 0.91217142145259744 0.960514233241506;
   0.7417213799689627 0.82885118190064566 0.67116747321119941;
   0.97873136867896282 0.98814677386105954 0.96949369648756156;
   0.98778351673029408 0.99485826296743063 0.980808681433031;
   0.70109035778191087 0.54798616565389335 0.97291809374694194;
   0.82165314502211728 0.91045366625637414 0.74863545996746794;
   0.53159527689114083 0.3789761787311236 0.89001831159609845;
   0.52420514346018454 0.41372448181025423 0.71518852791681964;
   0.85319412172968412 0.99220943290286356 0.74834577311947492;
   0.87868028141058163 0.95755623918477217 0.81180977219935613;
   0.45119133742503104 0.29304595610525042 0.98012775017743081;
   0.33033812202982465 0.21271170046253143 0.7389869860084316;
   0.70800171018877855 0.55051208940147556 0.99170793504549115;
   0.27792148259716443 0.16214564071215709 0.97183421112892143;
   0.80307916700429471 0.79893591293833133 0.80726561863647472;
   0.63742293562069352 0.47133030197038589 0.984271523178808;
   0.35424693365381216 0.22067112911749162 0.89754612215654661;
   0.55923693826223131 0.43648054045245116 0.77805947287804367;
   0.72035191212367777 1 0.56292969836664941;
   0.47162443595973619 0.35312845169254758 0.709808018806321;
   0.53629155230253123 0.40175919579620745 0.80628152223750571;
   0.47471767825750127 0.3497848423640994 0.73848150551589875;
   0.51740524344569294 0.40241424310216256 0.7244064099337193;
   0.43796452401871155 0.29123638086215065 0.88265696784073511];

